0.858475 0.155707 -0.655834 0.197602 -0.513707 -0.441786 -0.223597 -0.389744 -0.873753 -0.0506571 -0.392937 0.637053 -0.236297 -0.895483 -0.925699 -0.894295 1 -0.469247 -0.131787 -0.794413 -0.538981 -0.699694 0.146997 -0.355105 0.327757 0.338057 -0.799585 0.178347 -0.561987 -0.817243 -0.396336 0.575009 -0.778371 -0.371583 -0.194635 0.754849 0.900518 0.872972 1 0.17924 0.304378 -0.151697 -0.889475 -0.276749 0.563622 -0.929316 1 0.951458 0.376088 -0.622539 
0.667189 1 -0.807713 0.717215 0.350539 -0.356962 0.165484 0.864596 -0.409803 0.941108 -0.146995 -0.409944 -0.45262 0.99198 0.947834 -0.578692 0.794235 -0.899788 -1 -1 0.786108 -0.131567 -0.609195 -0.364387 0.0349652 -0.511638 -0.232776 -0.0721151 0.306607 0.923118 -0.196051 1 1 -0.345748 0.627357 0.754849 0.900518 0.872972 1 0.17924 0.304378 -0.113113 -0.889475 -0.538421 0.827789 -1 0.890457 0.760935 0.376088 -0.833423 
0.899185 0.887473 -0.91268 0.717215 0.229926 -0.306406 0.165484 0.864596 -0.409803 0.941108 -0.146995 -0.409944 -0.45262 0.99198 0.947834 -0.501366 0.837635 -0.899788 -1 -1 0.570169 -0.131011 -0.609195 -0.364387 0.0349652 -0.511638 -0.662457 -0.318074 0.261567 0.923118 -0.196051 0.657326 1 -0.345748 0.725833 0.754849 0.900518 0.872972 1 0.17924 0.304378 -0.151697 -0.889475 -0.538421 0.563622 -1 0.890457 0.760935 -0.0603081 -1 
0.570775 0.404284 -0.514935 0.480112 -0.449065 0.158306 -0.125737 0.899019 -0.380474 0.102634 -1 -0.592676 -0.273975 0.848937 0.947834 -0.501366 0.683802 -0.0183552 -0.884013 -0.904077 0.0204788 0.079667 0.578103 -0.5077 0.112786 0.600451 -0.799585 0.178347 -0.601625 -0.526788 -0.323556 0.571175 -0.918221 -0.350013 -0.194635 0.276558 -0.593422 0.0534633 0.772643 -0.475098 1 0.963016 -0.274537 -0.694352 -0.267509 0.186602 -0.567457 0.121861 -0.60903 -0.56143 
0.570775 0.155707 -0.645403 0.385854 -0.609598 0.158306 -0.125737 0.899019 -0.57404 -0.0183678 -1 0.532576 -0.184274 -0.72746 -0.823671 -0.845654 1 -0.826027 -0.131787 -0.593414 -0.538981 -0.699694 0.146997 -1 -0.291001 0.917444 -0.0450895 -0.388652 0.577786 -0.817243 -0.323556 0.469349 -0.804982 -0.177861 -0.110353 0.276558 -0.686314 -0.0512173 0.772643 -0.475098 1 0.963016 -0.321627 -0.751288 -0.267509 -0.0472798 -0.567457 0.121861 -0.60903 -0.604157 
0.899185 0.887473 -0.91268 0.870207 0.229926 0.112942 0.0346068 0.899019 -0.635292 0.018665 -1 0.465115 -0.184274 -0.895483 -0.925699 -0.845654 1 -0.899788 -1 -1 0.56037 -0.131011 -0.609195 -0.364387 0.0349652 -0.511638 -0.443271 -0.0721151 0.306607 0.75695 -0.196051 1 1 -0.345748 0.725833 0.754849 0.900518 0.872972 1 0.17924 0.304378 -0.113113 -0.889475 -0.538421 0.554126 -1 0.890457 0.760935 0.376088 -1 
0.570775 0.235489 -0.570451 0.480112 -0.737109 -0.0773757 0.165484 0.864596 -0.409803 0.941108 -0.146995 -0.409944 -0.45262 0.762587 0.947834 -0.501366 0.837635 -0.744535 -0.131787 -0.951285 -0.538981 -0.699694 0.146997 -0.826224 -0.568043 0.917444 -0.434133 -0.146562 0.577786 -0.987807 -0.323556 0.491457 -0.804982 -0.350013 -0.194635 0.276558 -0.616635 0.0534633 0.772643 -0.475098 1 1 -0.321627 -0.694352 -0.467337 0.209793 -0.567457 0.216202 -0.60903 -0.3691 
0.512912 0.978361 -0.924425 0.717215 0.612352 -0.306406 0.165484 0.819229 -0.40666 0.941108 -0.0522135 -0.577704 -0.45262 1 0.947834 -0.0351515 0.556186 0.567074 -0.0569749 0.284111 -1 0.67817 -0.0819975 -0.355105 0.327757 0.146004 -0.799585 0.178347 -0.319423 -0.751751 -0.209783 0.736958 -0.804982 -0.118677 -0.194635 0.591308 1 0.872972 1 0.474886 0.304378 -0.244542 -0.4354 -0.862099 -0.411538 0.209793 -0.567457 0.121861 -0.327253 -0.928319 
0.570775 0.155707 -0.645403 0.447866 -0.609598 0.158306 -0.125737 1 -0.57404 -0.0183678 -0.922456 0.532576 -0.184274 -0.895483 -0.925699 -0.845654 1 -0.700511 -0.131787 -1 -0.538981 -0.699694 0.146997 -0.986356 -0.568043 0.917444 -0.0450895 -0.388652 0.399582 -0.827075 -0.323556 0.736958 -0.804982 -0.276699 -0.194635 0.754849 0.900518 0.872972 0.936088 0.407619 0.304378 -0.151697 -1 -0.468791 0.531964 -0.94075 0.675312 0.951458 0.468854 -0.604157 
0.760964 1 -0.793629 0.717215 0.229926 -0.467958 0.626707 1 -0.142013 0.730982 -0.0954423 -0.457231 -0.586534 0.848937 0.947834 -0.501366 0.79624 0.567074 -0.0569749 0.511503 -0.616946 0.528041 0.298182 0.596258 0.774635 0.307023 -0.453289 -0.155754 -0.995818 0.986146 -0.184889 0.839667 0.871721 -0.345748 0.440989 0.754849 0.633397 1 1 0.476575 0.304378 -0.0902757 -0.889475 -0.276749 0.563622 -0.929316 0.890457 0.951458 0.376088 -0.928319 
0.667189 0.887473 -0.807713 0.862386 0.229926 -0.306406 0.165484 0.864596 -0.195573 0.941108 -0.146995 -0.409944 -0.45262 0.99198 0.947834 -0.501366 0.794235 -0.116874 -0.61785 -0.904077 0.2814 0.495225 0.578103 -0.364387 0.0349652 -0.648486 -0.443271 -0.0721151 0.389397 0.923118 0.0824128 0.839667 1 -0.422363 1 0.754849 0.954419 0.830046 1 0.17924 0.304378 -0.244542 -1 -0.715162 0.563622 -1 0.730723 0.951458 0.597161 -0.928319 
0.61507 0.978361 -0.924425 0.717215 0.612352 -0.306406 0.165484 0.819229 -0.415423 0.941108 -0.146995 -0.457231 -0.45262 0.848937 0.947834 -0.501366 0.79624 0.567074 -0.0569749 0.511503 -0.899003 0.528041 0.298182 0.585059 0.774635 0.307023 -0.356151 -0.155754 -0.995818 -0.751751 -0.209783 0.736958 -0.804982 -0.350013 -0.194635 0.591308 1 0.872972 1 0.474886 0.304378 -0.244542 -0.321627 -0.862099 -0.213626 0.209793 -0.567457 0.121861 -0.514562 -0.928319 
0.760964 0.978361 -0.793629 0.717215 0.229926 -0.467958 0.39075 1 -0.409803 0.730982 -0.0954423 -0.675199 -0.45262 1 0.947834 -0.0351515 0.556186 0.567074 -0.0569749 0.279379 -1 0.67817 0.101643 -0.355105 0.327757 0.146004 -0.799585 0.178347 -0.319423 0.923118 -0.196051 0.687307 1 -0.345748 0.582502 0.754849 0.900518 0.872972 1 0.17924 0.304378 -0.113113 -0.889475 -0.276749 0.563622 -0.929316 0.890457 0.951458 0.376088 -0.878441 
0.667189 0.887473 -0.807713 0.717215 0.392376 -0.356962 0.165484 0.720858 -0.409803 1 -0.146995 -0.409944 -0.45262 0.99198 0.947834 -0.501366 0.794235 -0.899788 -1 -1 0.786108 -0.131011 -0.609195 -0.364387 0.0349652 -0.511638 -0.443271 -0.0721151 0.306607 -0.751751 -0.209783 0.736958 -0.438966 -0.350013 -0.194635 0.754849 1 0.872972 1 0.474886 0.304378 -0.244542 -0.321627 -0.862099 -0.267509 0.209793 -0.567457 0.121861 -0.327253 -1 
0.723904 0.978361 -0.924425 0.717215 0.612352 -0.306406 0.165484 0.627766 -0.415423 0.799838 -0.146995 -0.67097 -0.45262 1 0.947834 -0.0351515 0.556186 0.567074 -0.0569749 0.284111 -0.899003 0.67817 0.0177684 -0.513066 0.327757 0.262963 -0.799585 0.178347 -0.319423 0.923118 -0.196051 0.657326 1 -0.345748 0.725833 0.754849 0.900518 0.872972 1 0.338315 0.304378 -0.151697 -0.889475 -0.538421 0.563622 -1 0.890457 0.760935 0.187379 -0.928319 
0.570775 0.404284 -0.570451 0.480112 -0.449065 0.158306 -0.125737 0.899019 -0.57404 -0.0183678 -1 0.532576 -0.184274 -0.895483 -0.823671 -0.845654 1 -0.826027 -0.131787 -0.593414 -0.538981 -0.699694 0.146997 -0.986356 -0.291001 0.917444 -0.0450895 -0.388652 0.577786 -0.817243 -0.323556 0.469349 -0.804982 -0.177861 -0.110353 0.276558 -0.686314 -0.0512173 0.772643 -0.406423 1 0.963016 -0.274537 -0.694352 -0.267509 0.186602 -0.567457 0.121861 -0.60903 -0.56143 
0.570775 0.155707 -0.645403 0.447866 -0.609598 0.158306 -0.125737 0.769226 -0.380474 0.102634 -1 -0.592676 -0.273975 0.848937 0.947834 -0.501366 0.683802 -0.0183552 -0.884013 -0.904077 0.0204788 0.079667 0.578103 -0.5077 0.112786 0.338057 -0.799585 0.178347 -0.319423 -0.526788 -0.323556 0.571175 -0.918221 -0.350013 -0.194635 0.24894 -0.87216 0.0534633 0.772643 -0.475098 1 0.963016 -0.321627 -0.694352 -0.267509 -0.0472798 -0.567457 0.121861 -0.60903 -0.604157 
0.760964 1 -0.793629 0.717215 0.229926 -0.467958 0.626707 1 -0.394386 0.730982 -0.0954423 -0.377148 -0.273975 0.848937 0.947834 -0.501366 0.726353 -0.0183552 -0.884013 -0.904077 0.0204788 0.079667 0.578103 0.585059 0.774635 0.307023 -0.453289 0.130661 -0.995818 1 -0.184889 0.839667 0.871721 -0.345748 0.440989 0.754849 0.633397 1 1 0.476575 0.304378 -0.0902757 -0.889475 -0.276749 0.563622 -0.929316 0.890457 0.951458 0.217723 -0.928319 
0.760964 0.978361 -0.357055 0.968993 0.229926 -0.227482 0.685196 0.864596 -0.409803 0.730982 -0.109144 -0.457231 -0.586534 1 0.947834 -0.227524 0.79624 0.567074 -0.0569749 0.511503 -0.616946 0.528041 0.298182 -0.355105 0.112786 0.141404 -0.799585 0.178347 -0.319423 -0.526788 -0.323556 0.571175 -0.918221 -0.350013 -0.285675 0.754849 0.900518 1 0.884065 0.17924 0.234089 -0.105674 -0.889475 -0.468791 0.563622 -1 1 0.681755 0.767731 -0.928319 
1 0.978361 -0.924425 0.686909 0.384769 -0.306406 0.165484 0.864596 -0.654896 0.941108 -0.146995 -0.590094 -0.692963 0.953516 0.947834 -0.501366 0.985741 -0.116874 -0.884013 -0.670077 0.128662 0.32102 0.578103 -0.562633 0.212065 0.0247382 -0.528667 0.0350416 -0.098398 -0.751751 -0.209783 0.736958 -0.85737 -0.350013 -0.194635 0.754849 1 0.872972 0.93149 0.474886 0.304378 -0.244542 -0.321627 -0.864126 -0.267509 0.209793 -0.567457 0.121861 -0.60903 -0.928319 
0.570775 0.518392 -0.570451 0.480112 -0.449065 0.158306 -0.125737 1 -0.237811 0.102634 -1 0.755028 -0.184274 -0.895483 -0.925699 -0.784844 1 -0.900067 -0.131787 -0.423592 -0.538981 -0.699694 0.146997 -0.986356 -0.568043 0.917444 -0.264708 -0.146562 0.831422 -0.817243 -0.323556 0.687462 -0.804982 -0.597587 -0.420161 0.276558 -0.87216 0.0534633 0.572439 -0.475098 1 0.963016 -0.274537 -0.570068 -0.267509 0.186602 -0.567457 0.121861 -0.60903 -0.56143 
0.667189 0.887473 -0.807713 0.717215 0.229926 -0.306406 -0.0819513 0.864596 -0.373868 0.941108 -0.146995 -0.409944 -0.45262 0.99198 0.947834 -0.501366 0.794235 -0.116874 -0.61785 -0.904077 0.2814 0.330906 0.578103 -0.364387 0.0349652 -0.648486 -0.443271 -0.0721151 0.361898 0.923118 0.0824128 0.839667 1 -0.252275 1 0.754849 0.954419 0.830046 1 0.17924 0.304378 -0.244542 -1 -0.715162 0.563622 -1 0.730723 0.951458 0.597161 -0.928319 
0.570775 0.235489 -0.570451 0.480112 -0.737109 0.112942 0.0346068 0.899019 -0.635292 -0.172267 -1 0.465115 -0.184274 -0.895483 -0.925699 -0.845654 1 -0.744535 0.146627 -0.998877 -0.538981 -0.699694 0.146997 -0.986356 -0.568043 0.917444 -0.434133 -0.146562 0.577786 -0.987807 -0.323556 0.736958 -0.804982 -0.350013 -0.194635 0.276558 -0.472055 0.0534633 0.772643 -0.475098 1 0.963016 -0.321627 -0.694352 -0.267509 0.209793 -0.567457 0.216202 -0.60903 -0.604157 
0.760964 0.978361 -0.793629 0.717215 0.229926 -0.306406 0.165484 0.864596 -0.206467 0.941108 -0.146995 -0.457231 -0.45262 0.848937 0.947834 -0.501366 0.79624 0.567074 -0.0569749 0.511503 -0.899003 0.528041 0.298182 0.57117 0.775909 0.29024 -0.356151 -0.155754 -0.995818 0.923118 -0.196051 0.687307 1 -0.345748 0.859122 0.754849 0.900518 0.872972 1 0.17924 0.304378 -0.113113 -0.889475 -0.276749 0.563622 -0.929316 0.890457 0.951458 0.376088 -0.878441 
0.723904 0.978361 -0.924425 0.717215 0.384769 -0.467958 0.39075 1 -0.409803 0.730982 -0.0954423 -0.459384 -0.45262 1 0.947834 -0.29887 0.556186 0.567074 -0.0569749 0.511503 -0.899003 0.731317 0.160933 -0.355105 0.0723393 0.146004 -0.799585 0.178347 -0.0889663 -0.751751 -0.209783 0.736958 -1 -0.350013 -0.194635 0.834023 1 0.872972 0.771646 0.474886 0.304378 -0.244542 -0.0910515 -0.862099 -0.267509 0.209793 -0.567457 0.121861 -0.598643 -1 
0.570775 0.235489 -0.32881 0.480112 -0.737109 0.112942 0.0346068 0.899019 -0.635292 -0.172267 -1 0.465115 -0.184274 -0.895483 -0.925699 -0.781688 1 -0.718359 -0.131787 -0.951285 -0.538981 -0.501634 0.146997 -0.986356 -0.568043 0.917444 -0.434133 -0.146562 0.577786 -0.987807 -0.557156 0.736958 -0.804982 -0.350013 -0.441407 0.276558 -0.616635 -0.11247 0.772643 -0.475098 1 0.963016 -0.162829 -0.694352 -0.267509 0.209793 -0.567457 0.216202 -0.60903 -0.604157 
0.570775 0.404284 -0.570451 0.480112 -0.449065 0.158306 -0.125737 0.899019 -0.380474 0.102634 -1 -0.592676 -0.273975 0.848937 0.947834 -0.501366 0.683802 0.145919 -0.884013 -0.904077 0.0204788 0.079667 0.578103 -0.5077 0.112786 0.338057 -0.799585 0.178347 -0.319423 -0.526788 -0.323556 0.571175 -0.981446 -0.350013 -0.194635 0.276558 -0.87216 0.0534633 0.772643 -0.475098 1 0.963016 -0.274537 -0.694352 -0.267509 0.186602 -0.567457 0.121861 -0.882304 -0.56143 
0.570775 0.404284 -0.570451 0.480112 -0.449065 0.158306 -0.125737 0.899019 -0.237811 0.102634 -1 0.532576 -0.448887 -0.895483 -0.925699 -0.784844 1 -0.900067 -0.131787 -0.423592 -0.538981 -0.699694 0.146997 -0.986356 -0.354393 0.917444 -0.264708 -0.146562 0.831422 -0.817243 -0.588515 0.687462 -0.804982 -0.597587 -0.420161 0.276558 -0.87216 0.0534633 0.572439 -0.475098 1 0.963016 -0.274537 -0.570068 -0.267509 0.186602 -0.567457 0.121861 -0.475949 -0.838561 
0.667189 0.887473 -0.807713 0.717215 0.350539 -0.520569 0.165484 0.864596 -0.409803 0.941108 -0.146995 -0.409944 -0.45262 0.99198 1 -0.501366 0.794235 -0.899788 -1 -1 0.786108 -0.39583 -0.609195 -0.364387 0.0349652 -0.511638 -0.443271 -0.0721151 0.306607 0.887833 -0.196051 0.657326 1 -0.345748 0.725833 0.754849 1 0.872972 1 0.17924 0.304378 -0.151697 -0.889475 -0.538421 0.563622 -0.772111 0.890457 0.760935 0.187379 -1 
0.760964 0.978361 -0.924425 0.717215 0.171351 -0.306406 0.399827 0.864596 -0.409803 0.941108 -0.146995 0.532576 -0.184274 -0.895483 -0.81523 -0.845654 1 -0.744535 -0.131787 -0.912123 -0.538981 -0.466407 0.146997 0.51401 0.678478 0.519306 -0.356151 -0.258969 -0.995818 0.881855 -0.490513 1 1 -0.552928 0.663429 0.522944 0.900518 0.872972 1 0.17924 0.304378 -0.151697 -0.755605 -0.517308 0.652507 -0.929316 0.890457 0.951458 0.376088 -1 
0.667189 0.978361 -0.807713 0.717215 0.229926 -0.306406 0.24154 0.870919 -0.409803 0.663953 -0.146995 -0.67097 -0.628197 1 0.947834 -0.501366 0.841923 -0.116874 -0.884013 -0.464047 0.2814 0.32102 0.348315 -0.947277 -0.568043 0.917444 -0.103285 -0.388652 0.577786 -0.817243 -0.494029 0.736958 -0.804982 -0.350013 -0.194635 0.276558 -0.616635 0.288567 0.852113 -0.702173 1 0.963016 -0.59752 -0.325438 0.563622 -0.929316 0.890457 0.951458 0.548786 -0.928319 
0.723904 0.978361 -0.924425 0.717215 0.82492 0.158306 -0.125737 0.899019 -0.380474 0.295 -1 -0.62865 -0.273975 0.848937 0.947834 -0.501366 0.683802 -0.0183552 -0.884013 -1 0.0900158 0.223301 0.578103 -0.5077 0.112786 0.243272 -0.799585 0.178347 -0.319423 -0.751751 -0.209783 0.736958 -0.804982 -0.582481 -0.194635 0.754849 1 0.872972 1 0.474886 0.304378 -0.244542 -0.176654 -0.862099 -0.0795166 0.209793 -0.567457 0.121861 -0.327253 -1 
0.570775 0.404284 -0.570451 0.772635 -0.631246 -0.227726 -0.00226241 0.819229 -0.283334 0.941108 -0.146995 -0.67097 -0.45262 1 0.828501 -0.0351515 0.367586 0.567074 -0.0569749 0.284111 -0.899003 0.858258 0.160933 -0.355105 0.327757 0.371461 -0.799585 0.178347 -0.319423 -0.526788 -0.323556 0.571175 -0.918221 -0.350013 -0.194635 0.276558 -0.87216 0.0534633 0.772643 -0.475098 1 1 -0.274537 -0.694352 -0.267509 0.186602 -0.567457 0.121861 -0.60903 -0.56143 
0.723904 0.978361 -0.924425 0.717215 0.612352 -0.0179833 0.165484 0.819229 -0.379436 0.941108 -0.146995 -0.67097 -0.255453 1 0.828501 -0.19312 0.367586 0.567074 -0.0569749 0.284111 -0.899003 0.67817 0.160933 -0.355105 0.327757 0.146004 -0.799585 0.178347 -0.319423 -0.751751 -0.209783 0.736958 -0.804982 -0.350013 -0.194635 0.276558 -0.616635 0.0534633 0.792583 -0.475098 1 0.963016 -0.321627 -0.694352 -0.267509 0.209793 -0.567457 0.216202 -0.60903 -1 
0.570775 0.235489 -0.570451 0.480112 -0.737109 0.112942 0.091437 0.899019 -0.635292 -0.172267 -1 0.465115 -0.184274 -0.895483 -0.925699 -0.845654 1 -0.744535 -0.131787 -0.951285 -0.538981 -0.699694 0.146997 -0.986356 -0.568043 0.917444 -0.434133 -0.146562 0.577786 -0.987807 -0.323556 0.667531 -0.804982 -0.350013 -0.194635 0.754849 1 0.872972 1 0.474886 0.304378 -0.244542 -0.321627 -0.862099 -0.267509 0.209793 -0.567457 0.121861 -0.327253 -0.604157 
0.56836 0.352135 -0.570451 0.480112 -0.391438 0.158306 -0.125737 0.899019 -0.380474 0.313866 -1 -0.592676 -0.273975 0.848937 1 -0.501366 0.683802 -0.0183552 -0.884013 -0.904077 0.0105552 0.079667 0.447301 -0.355105 0.327757 0.146004 -0.799585 0.178347 -0.319423 -0.526788 -0.323556 0.571175 -0.918221 -0.350013 -0.194635 0.276558 -0.87216 0.0534633 1 -0.693189 1 0.963016 -0.274537 -0.694352 -0.267509 0.186602 -0.356977 0.121861 -0.60903 -0.56143 
0.61507 0.978361 -0.924425 0.717215 0.612352 -0.306406 0.165484 0.819229 -0.415423 0.941108 -0.146995 -0.577704 -0.45262 1 0.947834 -0.0351515 0.556186 0.567074 -0.0569749 0.284111 -1 0.67817 0.101643 -0.5077 0.228451 0.338057 -0.799585 0.178347 -0.319423 -0.751751 -0.209783 0.736958 -0.804982 -0.350013 -0.484789 0.591308 1 0.872972 1 0.474886 0.304378 -0.244542 -0.321627 -0.565372 -0.267509 0.209793 -0.567457 0.121861 -0.327253 -0.928319 
0.667189 0.978361 -0.807713 0.717215 0.229926 -0.196343 0.24154 0.888629 -0.409803 0.674467 -0.146995 -0.67097 -0.628197 0.940444 0.947834 -0.501366 0.841923 -0.116874 -0.884013 -0.464047 0.2814 0.32102 0.348315 0.51401 0.678478 0.307023 -0.366288 -0.258969 -0.995818 0.657171 -0.196051 1 1 -0.552928 0.663429 0.754849 0.900518 0.872972 1 0.17924 0.304378 -0.151697 -0.59752 -0.475588 0.563622 -0.929316 0.890457 0.951458 0.548786 -0.928319 
0.561016 0.404284 -0.570451 0.554147 -0.449065 0.158306 -0.125737 0.899019 -0.380474 0.102634 -1 -0.592676 -0.273975 0.848937 0.947834 -0.501366 0.683802 -0.0183552 -0.884013 -0.904077 0.0204788 0.079667 0.578103 -0.5077 0.112786 0.338057 -0.799585 0.178347 -0.319423 -0.526788 -0.323556 0.571175 -0.918221 -0.350013 -0.194635 0.276558 -0.87216 0.0534633 0.772643 -0.475098 1 0.963016 -0.274537 -0.694352 -0.267509 0.186602 -0.567457 0.121861 -0.60903 -0.56143 
0.61507 1 -0.924425 0.717215 0.612352 -0.306406 0.165484 0.819229 -0.415423 0.941108 -0.146995 -0.577704 -0.45262 1 0.947834 -0.0351515 0.556186 0.567074 -0.0569749 0.284111 -1 0.633253 0.101643 -0.355105 0.327757 0.146004 -0.799585 0.178347 -0.319423 -0.751751 -0.209783 0.696647 -0.63432 -0.350013 -0.194635 0.591308 1 0.832553 1 0.474886 0.304378 -0.213668 -0.321627 -0.862099 -0.267509 0.209793 -0.567457 0.121861 -0.327253 -0.928319 
0.567222 0.978361 -0.633165 0.717215 0.612352 -0.306406 0.165484 0.819229 -0.379436 0.941108 -0.146995 -0.67097 -0.45262 1 0.828501 -0.0351515 0.367586 0.567074 -0.0569749 0.319403 -0.899003 0.67817 0.160933 -0.355105 0.327757 0.146004 -0.799585 0.178347 -0.319423 -0.751751 -0.273781 0.642002 -0.804982 -0.350013 -0.194635 0.754849 1 0.872972 1 0.474886 0.304378 -0.244542 -0.321627 -0.745905 -0.267509 0.209793 -0.567457 0.121861 -0.327253 -1 
0.760964 0.978361 -0.807713 0.717215 0.229926 -0.497807 0.397124 1 -0.409803 0.657448 -0.211529 -0.67097 -0.628197 0.940444 0.947834 -0.501366 0.841923 -0.116874 -0.884013 -0.464047 0.2814 0.32102 0.348315 0.51401 0.678478 0.307023 -0.356151 -0.258969 -0.995818 -0.368317 0.0537403 0.637967 0.253319 -0.486387 -0.0518043 0.754849 0.900518 0.586236 1 0.17924 0.304378 -0.244542 -0.805353 -0.528469 0.563622 -0.929316 0.890457 0.951458 0.597161 -0.809432 
0.667189 0.978361 -0.807713 0.717215 0.229926 -0.306406 0.24154 0.870919 -0.409803 0.742152 -0.146995 -0.67097 -0.38274 0.848937 1 -0.68313 0.845129 -0.835796 -1 -1 0.53512 -0.131011 -0.368829 -0.212888 0.327757 0.321539 -0.84257 0.0418386 -0.582768 0.923118 -0.196051 1 1 -0.552928 0.663429 0.754849 0.900518 0.872972 1 0.17924 0.304378 -0.151697 -0.59752 -0.475588 0.770348 -0.929316 0.890457 0.951458 0.548786 -0.928319 
0.570775 0.155707 -0.645403 0.447866 -0.609598 0.158306 -0.125737 0.899019 -0.57404 0.211185 -1 0.532576 -0.184274 -0.895483 -0.823671 -0.845654 1 -0.826027 -0.131787 -0.593991 -0.538981 -0.699694 0.146997 -0.986356 -0.291001 0.917444 -0.0450895 -0.653278 0.577786 -0.817243 -0.323556 0.469349 -0.804982 -0.177861 -0.110353 0.276558 -0.686314 -0.0512173 1 -0.475098 1 0.963016 -0.321627 -0.694352 -0.267509 -0.0472798 -0.567457 0.121861 -0.60903 -0.604157 
0.723904 0.978361 -0.924425 0.717215 0.612352 -0.306406 0.165484 0.819229 -0.379436 0.941108 -0.146995 -0.67097 -0.381581 1 0.642418 0.113026 0.367586 0.567074 -0.0569749 0.284111 -0.899003 0.67817 0.160933 -0.355105 0.327757 0.146004 -0.799585 0.178347 -0.319423 -0.751751 -0.209783 0.736958 -1 -0.350013 -0.194635 0.754849 1 0.872972 1 0.474886 0.304378 -0.231017 -0.321627 -0.862099 -0.267509 0.209793 -0.567457 0.0136794 -0.327253 -1 
0.899185 0.887473 -0.91268 0.717215 0.229926 -0.306406 0.165484 0.864596 -0.409803 0.941108 -0.146995 -0.409944 -0.45262 0.99198 0.947834 -0.501366 0.837635 -0.899788 -1 -1 0.719823 -0.131011 -0.609195 -0.364387 0.0349652 -0.511638 -0.443271 -0.0721151 0.306607 0.923118 -0.196051 1 1 -0.345748 0.725833 0.754849 0.900518 0.872972 1 0.17924 0.261504 -0.113113 -0.321627 -0.694352 -0.267509 0.209793 -0.567457 0.216202 -0.60903 -1 
0.570775 0.235489 -0.570451 0.250791 -0.737109 0.249824 0.0346068 0.899019 -0.635292 -0.172267 -1 0.465115 -0.184274 -0.895483 -0.925699 -0.845654 1 -0.744535 -0.131787 -0.951285 -0.538981 -0.699694 0.146997 -1 -0.568043 0.917444 -0.434133 -0.146562 0.577786 -0.987807 -0.323556 0.736958 -0.804982 -0.350013 -0.194635 0.276558 -0.616635 0.0534633 0.772643 -0.475098 1 0.963016 -0.889475 -0.538421 0.554126 -1 0.890457 0.760935 0.376088 -0.815013 
0.570775 0.404284 -0.570451 0.480112 -0.449065 0.158306 -0.125737 0.899019 -0.380474 0.102634 -1 -0.592676 -0.273975 0.848937 0.947834 -0.501366 0.683802 -0.899788 -1 -1 0.253184 -0.131011 -0.609195 -0.355105 0.327757 0.321539 -0.62319 0.178347 -0.337947 -0.0884425 -0.0632238 0.637967 0.253319 -0.279145 -0.0518043 0.197189 -0.731125 0.335682 0.360671 -0.475098 1 0.963016 -0.321627 -0.694352 -0.267509 0.376955 -0.306896 0.160753 -0.37779 -0.56143 
0.661858 0.978361 -0.761232 0.717215 0.229926 -0.536069 0.397124 1 -0.409803 0.657448 -0.211529 -0.67097 -0.714538 0.848937 1 -0.68313 0.546139 -0.0183552 -0.884013 -0.904077 0.0204788 0.079667 0.578103 -0.5077 0.112786 0.338057 -0.799585 0.178347 -0.319423 -0.526788 -0.323556 0.670636 -0.918221 -0.350013 -0.194635 0.276558 -0.87216 0.0534633 0.772643 -0.475098 1 0.963016 -0.274537 -0.694352 -0.267509 0.186602 -0.567457 0.121861 -0.60903 -0.809432 
0.570775 0.235489 -0.570451 0.480112 -0.737109 -0.306406 0.165484 0.819229 -0.492813 0.941108 -0.146995 -0.577704 -0.45262 1 0.947834 -0.0351515 0.556186 0.567074 -0.0569749 0.284111 -1 0.67817 0.101643 -0.986356 -0.568043 0.917444 -0.434133 -0.146562 0.543134 -1 -0.323556 0.736958 -0.804982 -0.350013 -0.194635 0.276558 -0.616635 0.0534633 0.772643 -0.475098 1 0.963016 -0.321627 -0.694352 -0.267509 0.209793 -0.567457 0.216202 -0.60903 -0.604157 
0.61507 0.978361 -0.924425 0.717215 0.612352 0.112942 0.0346068 0.899019 -0.635292 -0.172267 -1 0.465115 -0.184274 -0.895483 -0.925699 -0.845654 1 -0.744535 -0.131787 -0.951285 -0.538981 -0.699694 0.146997 -0.355105 0.327757 0.146004 -0.799585 0.178347 -0.319423 -0.751751 -0.209783 0.736958 -0.804982 -0.350013 -0.194635 0.591308 1 0.872972 1 0.474886 0.304378 -0.244542 -0.321627 -0.862099 -0.267509 0.209793 -0.567457 0.121861 -0.327253 -0.928319 
0.760964 0.978361 -0.807713 0.717215 0.229926 -0.536069 0.397124 1 -0.635802 0.657448 0.084405 -0.67097 -0.38274 0.848937 1 -0.68313 0.758939 -0.899788 -1 -0.98169 0.53512 -0.131011 -0.368829 -0.423834 0.327757 0.321539 -0.62319 0.0418386 -0.582768 0.923118 0.0824128 0.839667 0.717439 -0.440979 1 0.754849 0.900518 0.830046 1 0.17924 0.304378 -0.244542 -0.805353 -0.528469 0.563622 -0.929316 0.944072 0.777969 0.597161 -0.809432 
0.667189 0.887473 -0.807713 0.717215 0.229926 -0.306406 0.165484 0.864596 -0.409803 0.941108 -0.101482 -0.409944 -0.45262 0.99198 0.947834 -0.501366 0.501537 -0.116874 -0.61785 -0.904077 0.534695 0.32102 0.381412 -0.364387 0.0349652 -0.648486 -0.443271 0.0531243 0.389397 -0.368317 0.0537403 0.637967 0.253319 -0.280079 -0.0518043 0.754849 0.954419 0.830046 1 0.17924 0.304378 -0.244542 -0.710828 -0.715162 0.563622 -1 0.730723 0.951458 0.620936 -0.928319 
0.61507 0.978361 -0.924425 0.717215 0.612352 -0.306406 0.0991402 0.819229 -0.415423 0.941108 -0.146995 -0.67097 -0.38274 0.861545 1 -0.68313 0.845129 -0.899788 -0.93762 -1 0.467088 -0.131011 -0.368829 -0.212888 0.327757 0.321539 -0.62319 0.0418386 -0.582768 -0.368317 0.0537403 0.637967 0.253319 -0.280079 -0.0518043 0.754849 0.900518 0.830046 1 0.17924 0.304378 -0.244542 -0.805353 -0.528469 0.563622 -0.929316 0.890457 0.951458 0.597161 -0.875009 
0.760964 0.978361 -0.807713 0.717215 0.191315 -0.536069 0.397124 1 -0.409803 0.657448 -0.23201 -0.577704 -0.45262 1 0.947834 -0.0351515 0.556186 0.567074 -0.0569749 0.284111 -1 0.67817 0.101643 -0.355105 0.327757 0.146004 -0.799585 0.178347 -0.319423 -0.751751 -0.209783 0.736958 -0.804982 -0.350013 -0.194635 0.781483 1 0.872972 1 0.474886 0.304378 -0.244542 -0.321627 -0.862099 -0.169173 0.209793 -0.567457 0.121861 -0.327253 -0.809432 
0.667189 0.887473 -0.698403 0.496177 0.45401 -0.356962 0.165484 0.864596 -0.409803 0.941108 -0.146995 -0.409944 -0.45262 0.99198 0.947834 -0.620828 0.794235 -0.899788 -1 -1 0.786108 -0.131011 -0.609195 -0.364387 0.0349652 -0.511638 -0.443271 -0.191813 0.306607 0.923118 -0.196051 0.657326 1 -0.345748 0.725833 0.754849 0.900518 0.872972 1 0.17924 0.304378 -0.151697 -0.321627 -0.694352 -0.267509 -0.0472798 -0.567457 0.121861 -0.60903 -1 
0.570775 0.155707 -0.645403 0.447866 -0.609598 0.158306 -0.125737 0.899019 -0.57404 -0.0183678 -1 0.532576 -0.184274 -0.895483 -0.823671 -0.57538 1 -0.826027 -0.131787 -0.593414 -0.250568 -0.699694 0.146997 -0.986356 -0.291001 0.917444 -0.0450895 -0.388652 0.577786 -0.817243 -0.323556 0.414045 -0.804982 -0.177861 -0.110353 0.276558 -0.686314 -0.0512173 0.772643 -0.475098 1 0.963016 -0.889475 -0.538421 0.563622 -1 0.890457 0.760935 0.187379 -0.604157 
0.760964 0.978361 -0.761232 0.717215 0.229926 -0.536069 0.397124 1 -0.409803 0.657448 -0.211529 -0.67097 -0.714538 0.848937 0.755473 -0.68313 0.546139 -0.646297 -1 -1 0.253184 -0.131011 -0.609195 -0.355105 0.327757 0.321539 -0.62319 0.178347 -0.337947 -0.368317 -0.0632238 0.637967 0.253319 -0.280079 -0.0518043 0.197189 -0.731125 0.335682 0.360671 -0.475098 0.842474 0.963016 -0.321627 -0.694352 -0.267509 0.145709 -0.306896 0.0393913 -0.543714 -0.809432 
0.396008 0.108481 -0.624477 0.480112 -0.885527 0.140094 0.0346068 0.899019 -0.635292 -0.172267 -1 0.465115 -0.225788 -0.895483 -0.925699 -0.845654 0.768193 -0.744535 -0.131787 -0.760047 -0.538981 -0.699694 0.146997 -0.986356 -0.568043 0.917444 -0.434133 -0.146562 0.577786 -0.987807 -0.323556 0.736958 -0.804982 -0.350013 -0.194635 0.276558 -0.616635 0.0285786 0.772643 -0.475098 1 0.963016 -0.321627 -0.694352 -0.267509 0.209793 -0.836279 0.216202 -0.60903 -0.604157 
0.61507 0.978361 -0.924425 0.717215 0.612352 -0.0467356 0.165484 0.819229 -0.415423 0.941108 -0.146995 -0.512809 -0.45262 1 0.947834 -0.0351515 0.556186 0.567074 -0.0569749 0.284111 -1 0.67817 0.101643 -0.355105 0.327757 0.146004 -0.799585 0.178347 -0.433035 -0.751751 -0.209783 0.736958 -0.804982 -0.350013 -0.194635 0.591308 1 0.872972 1 0.474886 0.304378 -0.244542 -0.321627 -0.862099 -0.267509 0.209793 -0.567457 0.121861 -0.327253 -0.928319 
0.570775 0.235489 -0.570451 0.668646 -0.737109 0.22065 0.0346068 0.899019 -0.635292 -0.172267 -1 0.465115 -0.0202771 -0.895483 -0.925699 -0.845654 1 -0.744535 -0.131787 -0.951285 -0.538981 -0.699694 0.146997 -0.986356 -0.568043 0.917444 -0.580184 -0.146562 0.577786 -0.987807 -0.323556 0.736958 -0.804982 -0.350013 -0.194635 0.359086 -0.71683 0.0534633 0.635697 -0.475098 1 0.963016 -0.321627 -0.694352 -0.267509 0.209793 -0.567457 0.216202 -0.60903 -0.604157 
